image: 2020-04-21-18-50-16.bag.pgm
resolution: 0.025000
origin: [-16.600000, -13.400000, 0.000000]
negate: 0
occupied_thresh: 0.65
free_thresh: 0.196

